16/10/22 attempt
1,1,1,1,1,1,1,1,1,0,1,2,1,1,1,0,1,0,1,2,1,2,1,1,1,1,3,1,1,0,1,0,1,2,1,2,1,1,1,1,1,2,1,2,1,0,1,1,1,1,1,2,1,1,1,1,1,0,1,0,1,1,1,1,3,1,1,2,1,2,1,1,1,1,1,1,1,2,1,0,1,0,1,1,1,0,1,2,1,1,1,1,1,0,1,1,1,2,1,0,1,1,1,2,0,

17/10/22 atttempt (2am)
1,0,2,1,0,0,2,2,1,3,0,0,2,2,1,1,2,2,0,1,2,0,0,3,2,2,1,2,0,0,0,2,1,0,1,2,0,

17/10/22 (10:36am) -- was able to remove the 1 because we want it to uturn instead at index 8 
1,0,2,1,0,0,2,2,3,0,0,2,2,1,1,2,2,0,1,2,0,0,3,2,2,1,2,0,0,0,2,1,0,1,2,0,

17/10/22 (10:44am) -- only adds a u turn for intersections
1,0,2,1,0,0,2,2,3,0,0,2,2,1,1,2,2,0,1,2,0,0,2,2,1,2,0,0,0,2,1,0,1,2,0,

17/10/22 (11:28am) -- adds u turn at any a dead end?
1,0,2,1,0,0,2,2,3,0,0,2,2,1,1,2,2,0,1,2,0,0,3,2,2,1,2,0,0,0,2,1,0,1,2,0,

DEMO attempt
